,Полное вознаграждение
0,-47577.947252939
1,-18241.506709399117
2,-17101.612265096363
3,-13956.116882454387
4,-19040.67113959939
5,-15905.960461480734
6,-14534.529003975678
7,-16422.203102167856
8,-8759.835569799709
9,-12326.605122421395
10,-15666.109739779436
11,-4227.308657865089
12,-3673.154328932542
13,-6142.053823869155
14,-28370.404112294633
15,-6143.195959492898
16,-8445.416305603394
17,-9729.279220613602
18,-6128.840620433567
19,-915.7472580451151
20,-15712.923881554265
21,-2259.8944443027276
22,-7232.823376490871
23,-5159.0538238691715
24,-1006.4995667241133
25,-9781.563491861054
26,-10196.166522241378
27,-14185.994949366132
28,-2282.8355697996826
29,-10200.923881554254
30,-7251.237590053254
31,-8683.024386617652
32,-7645.124891681028
33,-6225.7939392393255
34,-1135.8822509939087
35,-13042.327993848905
36,-4800.149278298651
37,-6136.539105243406
38,-7264.953318805785
39,-2597.4264068711864
40,-4676.75230867899
41,-2098.8406204335633
42,-6621.112698372213
43,-3179.852813742384
44,-184.7523086789977
45,-148.19595949289345
46,-2637.8406204335597
47,-5072.355339059324
48,-658.0243866176397
49,-8122.769552621705
50,-5715.965512114599
51,-8668.509667991884
52,-132.15432893255075
53,-2647.8822509939077
54,-1653.6396103067896
55,-2177.3380951166223
56,-2575.6984848098314
57,-2628.3259018077993
58,-155.53910524340114
59,-4130.497474683061
60,-639.1543289325513
61,-724.4386001800134
62,-78.65685424949234
63,-1117.1837661840739
64,-2645.4680374315344
65,-2565.0416305603426
66,-1319.2203461105344
67,-3126.497474683056
68,-3187.4386001799994
69,-154.08326112068528
70,-2120.870057685085
71,-7098.870057685097
72,-157.32590180780466
73,-139.66904755831223
74,-146.49747468305836
75,-190.88225099390868
76,-1595.1126983722083
77,-164.74011537017773
78,-259.48023074035564
79,-189.39696961967007
80,-143.7695526217005
81,-123.2548339959391
82,-91.04163056034255
83,-93.18376618407348
84,-118.87005768508877
85,-1040.8994949366117
86,-1574.4852813742389
87,-85.28427124746185
88,-3647.669047558306
89,-132.556349186104
90,-114.52691193458116
91,-2627.698484809833
92,-149.1837661840736
93,-629.5563491861041
94,-94.52691193458114
95,-684.5685424949239
96,-139.4264068711929
97,-267.6812408671322
98,-663.840620433566
99,-150.05382386916244
100,-109.14213562373092
101,-85.55634918610397
102,-169.6274169979696
103,-100.94112549695421
104,-122.89949493661163
105,-149.39696961966996
106,-211.18376618407356
107,-92.62741699796948
108,-210.95331880577422
109,-156.35533905932738
110,-233.22539674441634
111,-121.69848480983495
112,-130.76955262170043
113,-106.87005768508874
114,-171.28427124746196
115,-78.79898987322329
116,-317.94112549695427
117,-69.38477631085019
118,-189.15432893255067
119,-142.25483399593912
120,-128.11269837220806
121,-212.35533905932738
122,-160.39696961967013
123,-141.8406204335659
124,-67.38477631085019
125,-298.1126983722082
126,-151.6690475583123
127,-72.556349186104
128,-111.94112549695421
129,-68.97056274847711
130,-89.38477631085016
131,-126.15432893255067
132,-110.28427124746185
133,-108.84062043356587
134,-105.28427124746185
135,-133.01219330881975
136,-99.4264068711928
137,-233.12489168102803
138,-189.49747468305833
139,-188.36753236814727
140,-118.32590180780443
141,-1109.0832611206852
142,-100.11269837220803
143,-2061.4852813742377
144,-79.59797974644658
145,-98.31370849898474
146,-79.72792206135782
147,-130.6274169979695
148,-132.72792206135784
149,-1557.8994949366115
150,-94.69848480983495
151,-67.65685424949234
152,-75.72792206135779
153,-620.3137084989847
154,-189.91168824543138
155,-124.04163056034258
156,-6024.0
157,-399.2253967444162
158,-116.66904755831206
159,-95.59797974644661
160,-77.21320343559637
161,-149.01219330881975
162,-121.22539674441614
163,-80.11269837220803
164,-1104.9116882454316
165,-592.5979797464471
166,-57.55634918610399
167,-61.48528137423852
168,-1560.3847763108504
169,-69.82842712474616
170,-65.89949493661163
171,-100.28427124746185
172,-66.28427124746185
173,-2073.828427124746
174,-119.91168824543138
175,-597.1126983722085
176,-88.52691193458111
177,-78.62741699796948
178,-81.04163056034255
179,-647.1248916810281
180,-62.1421356237309
181,-127.74011537017756
182,-57.242640687119255
183,-104.84062043356585
184,-80.94112549695421
185,-1086.426406871193
186,-98.8700576850888
187,-84.69848480983492
188,-1659.1126983722081
189,-66.31370849898474
190,-85.11269837220803
191,-112.35533905932738
192,-4084.3137084989853
193,-566.727922061358
194,-125.63961030678922
195,-93.556349186104
196,-74.62741699796945
197,-1123.0121933088196
198,-78.04163056034255
199,-72.79898987322329
200,-64.97056274847711
201,-85.38477631085019
202,-115.59797974644664
203,-98.87005768508874
204,-54.242640687119255
205,-129.94112549695436
206,-96.94112549695419
207,-85.28427124746185
208,-60.48528137423855
209,-78.41421356237305
210,-88.04163056034255
211,-79.1837661840735
212,-89.38477631085019
213,-155.02438661763958
214,-114.69848480983495
215,-112.08326112068517
216,-78.65685424949237
217,-69.89949493661163
218,-106.69848480983495
219,-87.04163056034255
220,-85.28427124746185
221,-56.72792206135782
222,-6598.62741699797
223,-47.48528137423853
224,-87.28427124746185
225,-74.556349186104
226,-1104.4264068711927
227,-59.89949493661164
228,-147.07106781186548
229,-6092.112698372208
230,-72.31370849898471
231,-111.35533905932732
232,-56.48528137423853
233,-79.04163056034255
234,-96.52691193458111
235,-1087.5269119345812
236,-72.62741699796945
237,-118.49747468305821
238,-636.4264068711927
239,-2612.0832611206847
240,-69.38477631085019
241,-153.11269837220814
242,-108.59797974644658
243,-113.74011537017759
244,-89.21320343559637
245,-142.32590180780454
246,-83.45584412271566
247,-1107.5269119345814
248,-69.72792206135782
249,-106.59797974644653
250,-156.15432893255078
251,-106.66904755831206
252,-135.98275605729697
253,-80.87005768508874
254,-118.42640687119282
255,-94.59797974644658
256,-175.02438661763972
257,-81.99999999999994
258,-115.59797974644658
259,-2070.3553390593265
260,-180.12489168102798
261,-94.62741699796948
262,-90.21320343559637
263,-146.4264068711928
264,-73.65685424949234
265,-107.59797974644658
266,-88.45584412271563
267,-108.94112549695421
268,-78.62741699796945
269,-124.74011537017753
270,-96.87005768508874
271,-53.55634918610401
272,-135.36753236814707
273,-99.28427124746185
274,-113.1248916810278
275,-82.38477631085016
276,-49.071067811865454
277,-198.15432893255064
278,-91.6984848098349
279,-91.94112549695421
280,-73.04163056034255
281,-108.84062043356585
282,-129.98275605729688
283,-112.01219330881969
284,-61.455844122715654
285,-63.9705627484771
286,-104.18376618407348
287,-128.254833995939
288,-81.62741699796945
289,-51.48528137423853
290,-88.72792206135779
291,-53.65685424949236
292,-69.48528137423855
293,-54.9705627484771
294,-93.7695526217004
295,-66.79898987322329
296,-45.99999999999998
297,-69.72792206135782
298,-62.142135623730915
299,-636.0538238691623
300,-47.07106781186544
301,-79.18376618407348
302,-53.142135623730915
303,-71.69848480983492
304,-2525.343145750507
305,-69.48528137423853
306,-47.82842712474616
307,-64.31370849898471
308,-80.01219330881969
309,-93.59797974644658
310,-80.72792206135782
311,-65.62741699796948
312,-60.07106781186544
313,-98.18376618407348
314,-91.45584412271563
315,-82.04163056034258
316,-107.32590180780443
317,-86.11269837220803
318,-68.556349186104
319,-93.35533905932729
320,-68.38477631085019
321,-88.28427124746182
322,-1053.0710678118653
323,-189.38477631085024
324,-32.99999999999999
325,-68.31370849898471
326,-84.04163056034255
327,-35.34314575050761
328,-42.071067811865454
329,-85.7695526217004
330,-84.14213562373092
331,-46.071067811865454
332,-98.69848480983495
333,-64.89949493661163
334,-49.31370849898473
335,-38.7573593128807
336,-79.35533905932732
337,-578.7989898732237
338,-72.31370849898471
339,-46.99999999999999
340,-59.1421356237309
341,-81.24264068711923
342,-79.38477631085019
343,-82.52691193458111
344,-80.11269837220803
345,-152.63961030678934
346,-100.35533905932732
347,-95.94112549695421
348,-77.82842712474616
349,-65.38477631085019
350,-38.24264068711927
351,-57.89949493661164
352,-88.28427124746182
353,-76.87005768508877
354,-72.556349186104
355,-60.970562748477086
356,-75.62741699796948
357,-89.21320343559637
358,-83.11269837220803
359,-128.32590180780448
360,-86.62741699796945
361,-101.32590180780443
362,-97.35533905932729
363,-70.14213562373092
364,-70.2132034355964
365,-102.04163056034258
366,-70.4852813742385
367,-92.01219330881969
368,-122.3969696196699
369,-128.5391052434009
370,-119.32590180780443
371,-85.69848480983495
372,-78.1421356237309
373,-72.62741699796945
374,-66.75735931288068
375,-89.97056274847708
376,-88.55634918610397
377,-100.84062043356587
378,-87.84062043356587
379,-85.1837661840735
380,-64.21320343559637
381,-72.94112549695421
382,-58.41421356237306
383,-119.94112549695421
384,-60.31370849898472
385,-60.041630560342576
386,-65.45584412271566
387,-77.38477631085016
388,-67.04163056034258
389,-55.9705627484771
390,-85.38477631085016
391,-63.21320343559638
392,-56.31370849898473
393,-82.1837661840735
394,-58.55634918610402
395,-53.72792206135782
396,-93.21320343559634
397,-61.62741699796948
398,-47.071067811865454
399,-47.89949493661164
400,-47.142135623730915
401,-72.69848480983492
402,-71.45584412271566
403,-65.48528137423853
404,-61.899494936611624
405,-40.48528137423855
406,-67.04163056034255
407,-61.071067811865426
408,-72.45584412271566
409,-87.66904755831203
410,-57.24264068711924
411,-50.55634918610399
412,-85.112698372208
413,-69.87005768508874
414,-73.97056274847708
415,-1029.1715728752538
416,-35.07106781186547
417,-71.69848480983495
418,-28.514718625761425
419,-93.04163056034255
420,-67.45584412271566
421,-531.8284271247462
422,-50.65685424949235
423,-44.82842712474616
424,-697.4852813742385
425,-41.142135623730915
426,-57.07106781186544
427,-57.31370849898473
428,-54.1421356237309
429,-74.38477631085019
430,-98.9827560572968
431,-71.14213562373092
432,-66.79898987322329
433,-64.65685424949234
434,-57.65685424949233
435,-116.0832611206852
436,-108.39696961966996
437,-85.52691193458111
438,-126.7401153701777
439,-86.52691193458111
440,-176.16652224137067
441,-92.62741699796948
442,-68.89949493661163
443,-137.98275605729685
444,-89.18376618407348
445,-75.52691193458111
446,-95.69848480983495
447,-109.84062043356593
448,-61.62741699796947
449,-82.04163056034255
450,-151.46803743153555
451,-87.62741699796945
452,-111.15432893255064
453,-109.08326112068514
454,-81.21320343559637
455,-114.25483399593907
456,-77.28427124746185
457,-99.62741699796948
458,-78.59797974644658
459,-38.89949493661164
460,-76.04163056034258
461,-69.14213562373092
462,-85.21320343559637
463,-92.62741699796948
464,-55.55634918610401
465,-102.97056274847711
466,-5060.384776310848
467,-85.97056274847708
468,-6037.485281374243
469,-48.72792206135784
470,-55.31370849898472
471,-58.9705627484771
472,-42.48528137423853
473,-2035.071067811865
474,-53.99999999999998
475,-71.28427124746185
476,-46.31370849898473
477,-43.99999999999998
478,-41.242640687119255
479,-51.72792206135782
480,-4047.4852813742364
481,-43.24264068711927
482,-39.99999999999999
483,-44.89949493661164
484,-42.41421356237307
485,-46.242640687119284
486,-43.071067811865454
487,-57.21320343559639
488,-37.65685424949235
489,-51.72792206135782
490,-1034.5857864376271
491,-48.14213562373093
492,-31.414213562373085
493,-37.24264068711927
494,-39.07106781186547
495,-44.65685424949236
496,-46.89949493661164
497,-557.7279220613578
498,-41.071067811865454
499,-27.828427124746177
500,-37.82842712474618
501,-42.48528137423855
502,-35.07106781186547
503,-54.9705627484771
504,-40.970562748477114
505,-24.242640687119277
506,-26.5857864376269
507,-36.41421356237307
508,-33.82842712474618
509,-37.48528137423855
510,-49.48528137423855
511,-23.0
512,-27.65685424949237
513,-33.65685424949236
514,-35.656854249492376
515,-30.07106781186547
516,-75.87005768508877
517,-37.48528137423855
518,-42.48528137423856
519,-49.38477631085021
520,-34.07106781186547
521,-521.5857864376271
522,-42.55634918610401
523,-45.38477631085021
524,-4510.928932188134
525,-24.07106781186547
526,-28.65685424949237
527,-1025.8284271247462
528,-24.0
529,-516.7573593128807
530,-35.82842712474618
531,-29.656854249492376
532,-30.656854249492362
533,-29.414213562373092
534,-46.7989898732233
535,-51.14213562373093
536,-24.65685424949237
537,-44.313708498984745
538,-54.142135623730915
539,-5016.343145750507
540,-39.14213562373093
541,-30.82842712474619
542,-25.0
543,-50.7989898732233
544,-40.31370849898473
545,-57.45584412271567
546,-2587.3137084989835
547,-82.49747468305824
548,-39.89949493661165
549,-30.656854249492362
550,-32.89949493661165
551,-35.24264068711927
552,-537.142135623731
553,-32.65685424949236
554,-32.82842712474618
555,-44.21320343559638
556,-34.82842712474618
557,-47.62741699796948
558,-27.999999999999993
559,-34.414213562373085
560,-36.89949493661165
561,-31.242640687119284
562,-43.55634918610402
563,-37.242640687119255
564,-40.55634918610402
565,-31.828427124746177
566,-28.65685424949237
567,-31.414213562373085
568,-27.242640687119277
569,-32.242640687119284
570,-31.828427124746177
571,-23.414213562373092
572,-29.07106781186546
573,-48.62741699796948
574,-33.07106781186547
575,-23.585786437626908
576,-42.970562748477114
577,-27.242640687119284
578,-525.0000000000001
579,-28.0
580,-47.28427124746185
581,-30.999999999999993
582,-48.07106781186547
583,-24.414213562373092
584,-35.313708498984745
585,-21.585786437626908
586,-532.4852813742385
587,-26.414213562373092
588,-24.414213562373092
589,-28.242640687119284
590,-21.4142135623731
591,-19.414213562373092
592,-29.656854249492376
593,-31.48528137423856
594,-20.82842712474619
595,-23.828427124746185
596,-22.585786437626915
597,-17.82842712474619
598,-22.585786437626915
599,-23.4142135623731
600,-20.242640687119284
601,-22.4142135623731
602,-21.585786437626908
603,-1023.0
604,-23.585786437626908
605,-24.828427124746185
606,-30.828427124746177
607,-19.4142135623731
608,-521.0
609,-26.82842712474619
610,-21.82842712474619
611,-26.414213562373092
612,-27.82842712474619
613,-20.4142135623731
614,-520.0000000000001
615,-25.4142135623731
616,-20.0
617,-22.4142135623731
618,-22.828427124746185
619,-22.000000000000007
620,-25.0
621,-21.414213562373092
622,-18.4142135623731
623,-21.242640687119284
624,-27.242640687119284
625,-20.82842712474619
626,-23.4142135623731
627,-23.000000000000007
628,-21.4142135623731
629,-22.4142135623731
630,-1011.0
631,-29.899494936611653
632,-22.414213562373092
633,-21.000000000000007
634,-19.4142135623731
635,-19.000000000000007
636,-23.4142135623731
637,-22.4142135623731
638,-22.5857864376269
639,-21.000000000000007
640,-520.1715728752539
641,-24.242640687119277
642,-17.4142135623731
643,-22.82842712474619
644,-24.828427124746185
645,-23.656854249492376
646,-19.4142135623731
647,-20.4142135623731
648,-24.242640687119284
649,-19.4142135623731
650,-20.242640687119284
651,-20.4142135623731
652,-26.242640687119284
653,-25.414213562373092
654,-20.82842712474619
655,-21.242640687119284
656,-20.242640687119284
657,-19.4142135623731
658,-20.0
659,-22.4142135623731
660,-21.242640687119284
661,-21.4142135623731
662,-19.4142135623731
663,-17.4142135623731
664,-19.414213562373106
665,-19.585786437626915
666,-19.4142135623731
667,-23.4142135623731
668,-20.000000000000007
669,-18.000000000000007
670,-19.4142135623731
671,-19.4142135623731
672,-24.242640687119284
673,-22.4142135623731
674,-17.585786437626915
675,-24.000000000000007
676,-20.82842712474619
677,-20.242640687119284
678,-21.4142135623731
679,-17.4142135623731
680,-22.82842712474619
681,-27.48528137423856
682,-27.242640687119284
683,-22.414213562373092
684,-24.242640687119284
685,-15.4142135623731
686,-19.000000000000007
687,-19.414213562373092
688,-21.82842712474619
689,-19.82842712474619
690,-518.4142135623731
691,-19.4142135623731
692,-19.0
693,-20.82842712474619
694,-19.0
695,-25.82842712474619
696,-24.82842712474619
697,-22.4142135623731
698,-19.585786437626915
699,-19.000000000000007
700,-20.828427124746185
701,-19.4142135623731
702,-26.07106781186547
703,-19.4142135623731
704,-19.4142135623731
705,-20.000000000000007
706,-17.000000000000007
707,-21.82842712474619
708,-21.4142135623731
709,-19.4142135623731
710,-18.82842712474619
711,-2013.5857864376271
712,-22.82842712474619
713,-16.000000000000007
714,-17.4142135623731
715,-21.4142135623731
716,-18.4142135623731
717,-20.000000000000007
718,-2498.343145750507
719,-15.4142135623731
720,-19.4142135623731
721,-1013.5857864376269
722,-24.828427124746185
723,-18.4142135623731
724,-22.82842712474619
725,-17.82842712474619
726,-18.4142135623731
727,-22.242640687119284
728,-18.242640687119284
729,-19.4142135623731
730,-15.4142135623731
731,-21.242640687119284
732,-19.4142135623731
733,-18.000000000000007
734,-19.4142135623731
735,-19.4142135623731
736,-15.4142135623731
737,-20.4142135623731
738,-15.4142135623731
739,-518.8284271247462
740,-14.585786437626915
741,-17.4142135623731
742,-515.0
743,-21.4142135623731
744,-13.585786437626915
745,-16.000000000000007
746,-17.4142135623731
747,-17.4142135623731
748,-15.4142135623731
749,-1507.1715728752538
750,-15.4142135623731
751,-17.4142135623731
752,-19.4142135623731
753,-23.414213562373092
754,-15.4142135623731
755,-15.585786437626915
756,-17.000000000000007
757,-16.000000000000007
758,-25.414213562373092
759,-21.4142135623731
760,-17.000000000000007
761,-23.828427124746185
762,-24.828427124746185
763,-18.242640687119284
764,-21.4142135623731
765,-19.414213562373092
766,-22.4142135623731
767,-17.4142135623731
768,-20.0
769,-19.4142135623731
770,-22.000000000000007
771,-21.4142135623731
772,-24.656854249492376
773,-20.000000000000007
774,-17.82842712474619
775,-18.4142135623731
776,-15.4142135623731
777,-16.4142135623731
778,-16.4142135623731
779,-17.4142135623731
780,-17.000000000000007
781,-17.4142135623731
782,-16.000000000000007
783,-17.4142135623731
784,-15.4142135623731
785,-25.828427124746185
786,-25.82842712474619
787,-21.4142135623731
788,-15.4142135623731
789,-20.82842712474619
790,-19.828427124746185
791,-17.4142135623731
792,-21.414213562373092
793,-18.82842712474619
794,-21.82842712474619
795,-17.4142135623731
796,-19.0
797,-18.585786437626908
798,-19.4142135623731
799,-19.4142135623731
800,-20.4142135623731
801,-19.4142135623731
802,-15.4142135623731
803,-16.82842712474619
804,-1017.0
805,-17.000000000000007
806,-19.4142135623731
807,-21.242640687119277
808,-17.000000000000007
809,-18.82842712474619
810,-17.4142135623731
811,-21.82842712474619
812,-18.242640687119284
813,-17.4142135623731
814,-16.82842712474619
815,-17.4142135623731
816,-15.000000000000007
817,-17.4142135623731
818,-17.4142135623731
819,-18.0
820,-19.4142135623731
821,-20.242640687119284
822,-22.82842712474619
823,-18.0
824,-18.585786437626908
825,-18.000000000000007
826,-17.4142135623731
827,-22.242640687119284
828,-16.000000000000007
829,-20.82842712474619
830,-15.4142135623731
831,-22.82842712474619
832,-18.0
833,-17.000000000000007
834,-19.4142135623731
835,-19.4142135623731
836,-17.4142135623731
837,-15.585786437626915
838,-19.4142135623731
839,-15.000000000000007
840,-18.4142135623731
841,-15.4142135623731
842,-17.4142135623731
843,-15.4142135623731
844,-17.4142135623731
845,-15.4142135623731
846,-2726.0
847,-15.4142135623731
848,-15.000000000000007
849,-19.4142135623731
850,-15.4142135623731
851,-17.000000000000007
852,-19.0
853,-28.48528137423856
854,-16.4142135623731
855,-23.0
856,-23.82842712474619
857,-19.4142135623731
858,-19.4142135623731
859,-21.242640687119284
860,-17.4142135623731
861,-16.4142135623731
862,-29.899494936611653
863,-21.000000000000007
864,-25.65685424949237
865,-22.82842712474619
866,-20.585786437626915
867,-24.656854249492376
868,-20.82842712474619
869,-18.585786437626915
870,-22.656854249492376
871,-21.5857864376269
872,-24.656854249492376
873,-15.000000000000007
874,-21.0
875,-17.585786437626915
876,-19.585786437626915
877,-21.000000000000007
878,-18.82842712474619
879,-15.585786437626915
880,-21.000000000000007
881,-24.414213562373092
882,-23.656854249492376
883,-19.5857864376269
884,-15.000000000000007
885,-16.171572875253815
886,-19.000000000000007
887,-17.585786437626915
888,-19.000000000000007
889,-17.585786437626908
890,-17.000000000000007
891,-16.4142135623731
892,-19.0
893,-17.000000000000007
894,-23.82842712474619
895,-19.0
896,-21.000000000000007
897,-19.0
898,-19.585786437626915
899,-16.4142135623731
900,-22.414213562373092
901,-19.0
902,-15.000000000000007
903,-15.000000000000007
904,-19.0
905,-17.82842712474619
906,-20.414213562373092
907,-17.000000000000007
908,-15.000000000000007
909,-15.000000000000007
910,-19.414213562373092
911,-17.000000000000007
912,-17.000000000000007
913,-20.4142135623731
914,-15.000000000000007
915,-19.82842712474619
916,-17.000000000000007
917,-21.585786437626908
918,-15.000000000000007
919,-17.000000000000007
920,-19.000000000000007
921,-15.000000000000007
922,-17.000000000000007
923,-16.171572875253815
924,-17.000000000000007
925,-13.585786437626915
926,-18.4142135623731
927,-17.000000000000007
928,-17.000000000000007
929,-17.000000000000007
930,-2631.8284271247453
931,-17.000000000000007
932,-17.585786437626908
933,-15.585786437626915
934,-15.000000000000007
935,-15.000000000000007
936,-15.000000000000007
937,-17.000000000000007
938,-15.000000000000007
939,-19.4142135623731
940,-15.585786437626915
941,-15.585786437626915
942,-20.414213562373092
943,-17.4142135623731
944,-15.000000000000007
945,-17.000000000000007
946,-16.4142135623731
947,-17.4142135623731
948,-18.4142135623731
949,-15.000000000000007
950,-19.242640687119284
951,-21.8284271247462
952,-16.4142135623731
953,-17.000000000000007
954,-20.000000000000007
955,-19.4142135623731
956,-15.000000000000007
957,-22.4142135623731
958,-19.000000000000007
959,-15.000000000000007
960,-13.585786437626915
961,-16.4142135623731
962,-15.000000000000007
963,-15.4142135623731
964,-15.4142135623731
965,-15.000000000000007
966,-19.000000000000007
967,-15.000000000000007
968,-13.585786437626915
969,-15.000000000000007
970,-15.000000000000007
971,-17.585786437626915
972,-17.000000000000007
973,-15.000000000000007
974,-15.000000000000007
975,-15.000000000000007
976,-15.000000000000007
977,-15.000000000000007
978,-15.000000000000007
979,-15.000000000000007
980,-16.4142135623731
981,-17.4142135623731
982,-19.000000000000007
983,-15.000000000000007
984,-15.000000000000007
985,-16.4142135623731
986,-15.000000000000007
987,-15.000000000000007
988,-17.000000000000007
989,-15.4142135623731
990,-15.000000000000007
991,-17.4142135623731
992,-15.000000000000007
993,-15.000000000000007
994,-15.000000000000007
995,-15.000000000000007
996,-17.82842712474619
997,-17.000000000000007
998,-16.4142135623731
999,-15.585786437626915
1000,-15.000000000000007
1001,-15.000000000000007
1002,-15.000000000000007
1003,-15.585786437626915
1004,-15.000000000000007
1005,-16.4142135623731
1006,-15.000000000000007
1007,-17.000000000000007
1008,-16.000000000000007
1009,-16.82842712474619
1010,-15.000000000000007
1011,-15.000000000000007
1012,-15.000000000000007
1013,-15.000000000000007
1014,-18.4142135623731
1015,-17.000000000000007
1016,-15.000000000000007
1017,-15.585786437626915
1018,-15.000000000000007
1019,-17.000000000000007
1020,-15.000000000000007
1021,-15.000000000000007
1022,-15.4142135623731
1023,-15.000000000000007
1024,-17.000000000000007
1025,-15.000000000000007
1026,-15.000000000000007
1027,-20.585786437626915
1028,-15.000000000000007
1029,-18.4142135623731
1030,-15.000000000000007
1031,-17.000000000000007
1032,-15.000000000000007
1033,-15.000000000000007
1034,-15.000000000000007
1035,-15.4142135623731
1036,-14.000000000000007
1037,-15.000000000000007
1038,-15.000000000000007
1039,-15.000000000000007
1040,-17.000000000000007
1041,-15.000000000000007
1042,-15.000000000000007
1043,-16.000000000000007
1044,-17.000000000000007
1045,-15.000000000000007
1046,-15.000000000000007
1047,-15.000000000000007
1048,-17.000000000000007
1049,-15.000000000000007
1050,-15.000000000000007
1051,-18.4142135623731
1052,-17.4142135623731
1053,-15.000000000000007
1054,-15.4142135623731
1055,-15.000000000000007
1056,-15.000000000000007
1057,-15.4142135623731
1058,-17.000000000000007
1059,-17.000000000000007
1060,-15.000000000000007
1061,-14.000000000000007
1062,-17.000000000000007
1063,-15.000000000000007
1064,-15.828427124746192
1065,-15.000000000000007
1066,-15.000000000000007
1067,-15.000000000000007
1068,-15.000000000000007
1069,-19.4142135623731
1070,-15.4142135623731
1071,-15.000000000000007
1072,-15.000000000000007
1073,-15.000000000000007
1074,-17.82842712474619
1075,-15.000000000000007
1076,-15.000000000000007
1077,-15.000000000000007
1078,-15.000000000000007
1079,-15.000000000000007
1080,-15.000000000000007
1081,-15.000000000000007
1082,-13.585786437626915
1083,-15.000000000000007
1084,-1011.1715728752538
1085,-15.000000000000007
1086,-15.000000000000007
1087,-15.000000000000007
1088,-15.000000000000007
1089,-15.585786437626915
1090,-15.000000000000007
1091,-13.585786437626915
1092,-15.585786437626915
1093,-17.000000000000007
1094,-15.828427124746192
1095,-13.585786437626915
1096,-15.000000000000007
1097,-15.000000000000007
1098,-15.4142135623731
1099,-14.000000000000007
1100,-17.000000000000007
1101,-15.000000000000007
1102,-15.000000000000007
1103,-13.585786437626915
1104,-15.000000000000007
1105,-15.000000000000007
1106,-15.000000000000007
1107,-18.82842712474619
1108,-16.585786437626908
1109,-15.000000000000007
1110,-17.000000000000007
1111,-15.000000000000007
1112,-15.000000000000007
1113,-15.000000000000007
1114,-17.000000000000007
1115,-15.000000000000007
1116,-15.000000000000007
1117,-15.000000000000007
1118,-15.000000000000007
1119,-17.82842712474619
1120,-17.82842712474619
1121,-14.000000000000007
1122,-15.000000000000007
1123,-17.000000000000007
1124,-15.000000000000007
1125,-17.4142135623731
1126,-15.000000000000007
1127,-17.000000000000007
1128,-15.000000000000007
1129,-22.07106781186547
1130,-15.000000000000007
1131,-15.000000000000007
1132,-16.82842712474619
1133,-15.000000000000007
1134,-15.000000000000007
1135,-15.000000000000007
1136,-15.4142135623731
1137,-17.000000000000007
1138,-15.000000000000007
1139,-15.4142135623731
1140,-15.000000000000007
1141,-17.000000000000007
1142,-15.000000000000007
1143,-13.585786437626915
1144,-17.000000000000007
1145,-15.000000000000007
1146,-15.000000000000007
1147,-15.000000000000007
1148,-15.000000000000007
1149,-16.4142135623731
1150,-15.000000000000007
1151,-16.4142135623731
1152,-17.000000000000007
1153,-15.000000000000007
1154,-15.000000000000007
1155,-15.414213562373106
1156,-17.000000000000007
1157,-15.000000000000007
1158,-512.1715728752538
1159,-17.000000000000007
1160,-15.000000000000007
1161,-15.000000000000007
1162,-15.000000000000007
1163,-18.4142135623731
1164,-15.000000000000007
1165,-14.000000000000007
1166,-18.000000000000007
1167,-15.000000000000007
1168,-17.242640687119284
1169,-15.000000000000007
1170,-19.82842712474619
1171,-17.000000000000007
1172,-15.000000000000007
1173,-15.000000000000007
1174,-15.585786437626915
1175,-39.82842712474619
1176,-16.4142135623731
1177,-15.000000000000007
1178,-17.82842712474619
1179,-15.000000000000007
1180,-15.000000000000007
1181,-15.000000000000007
1182,-15.000000000000007
1183,-15.000000000000007
1184,-17.585786437626915
1185,-15.000000000000007
1186,-15.585786437626915
1187,-17.000000000000007
1188,-15.000000000000007
1189,-15.000000000000007
1190,-18.000000000000007
1191,-16.171572875253815
1192,-15.000000000000007
1193,-17.000000000000007
1194,-15.585786437626915
1195,-14.171572875253823
1196,-15.000000000000007
1197,-17.82842712474619
1198,-15.585786437626915
1199,-18.4142135623731
1200,-15.000000000000007
1201,-15.000000000000007
1202,-15.000000000000007
1203,-15.585786437626915
1204,-15.000000000000007
1205,-16.4142135623731
1206,-17.000000000000007
1207,-15.000000000000007
1208,-15.000000000000007
1209,-15.000000000000007
1210,-15.000000000000007
1211,-19.4142135623731
1212,-15.000000000000007
1213,-13.585786437626915
1214,-15.000000000000007
1215,-15.000000000000007
1216,-15.4142135623731
1217,-13.585786437626915
1218,-15.000000000000007
1219,-16.82842712474619
1220,-15.585786437626915
1221,-15.000000000000007
1222,-15.000000000000007
1223,-15.000000000000007
1224,-15.000000000000007
1225,-17.000000000000007
1226,-15.000000000000007
1227,-15.000000000000007
1228,-15.000000000000007
1229,-13.585786437626915
1230,-15.000000000000007
1231,-17.000000000000007
1232,-15.000000000000007
1233,-17.000000000000007
1234,-16.4142135623731
1235,-15.000000000000007
1236,-15.000000000000007
1237,-17.82842712474619
1238,-15.000000000000007
1239,-15.000000000000007
1240,-15.000000000000007
1241,-15.000000000000007
1242,-15.000000000000007
1243,-15.000000000000007
1244,-15.000000000000007
1245,-15.000000000000007
1246,-15.000000000000007
1247,-15.000000000000007
1248,-15.000000000000007
1249,-15.000000000000007
1250,-15.000000000000007
1251,-15.000000000000007
1252,-15.4142135623731
1253,-17.000000000000007
1254,-15.000000000000007
1255,-15.000000000000007
1256,-15.000000000000007
1257,-15.000000000000007
1258,-13.585786437626915
1259,-15.000000000000007
1260,-17.000000000000007
1261,-15.000000000000007
1262,-15.000000000000007
1263,-15.4142135623731
1264,-15.000000000000007
1265,-15.000000000000007
1266,-15.000000000000007
1267,-15.000000000000007
1268,-15.000000000000007
1269,-17.000000000000007
1270,-15.585786437626915
1271,-15.585786437626915
1272,-15.000000000000007
1273,-15.000000000000007
1274,-17.000000000000007
1275,-15.000000000000007
1276,-15.000000000000007
1277,-15.000000000000007
1278,-15.000000000000007
1279,-15.000000000000007
1280,-15.000000000000007
1281,-15.000000000000007
1282,-17.4142135623731
1283,-15.000000000000007
1284,-15.4142135623731
1285,-15.000000000000007
1286,-16.4142135623731
1287,-13.585786437626915
1288,-15.000000000000007
1289,-15.000000000000007
1290,-15.000000000000007
1291,-15.000000000000007
1292,-16.4142135623731
1293,-17.000000000000007
1294,-15.000000000000007
1295,-518.0
1296,-17.82842712474619
1297,-15.585786437626915
1298,-15.000000000000007
1299,-15.000000000000007
1300,-15.000000000000007
1301,-15.000000000000007
1302,-17.000000000000007
1303,-16.82842712474619
1304,-15.585786437626915
1305,-15.000000000000007
1306,-15.000000000000007
1307,-15.000000000000007
1308,-15.000000000000007
1309,-15.000000000000007
1310,-15.000000000000007
1311,-15.000000000000007
1312,-15.000000000000007
1313,-15.000000000000007
1314,-15.000000000000007
1315,-15.000000000000007
1316,-18.82842712474619
1317,-15.000000000000007
1318,-15.000000000000007
1319,-15.4142135623731
1320,-15.000000000000007
1321,-16.4142135623731
1322,-15.000000000000007
1323,-15.000000000000007
1324,-17.000000000000007
1325,-15.000000000000007
1326,-15.000000000000007
1327,-15.000000000000007
1328,-15.000000000000007
1329,-13.585786437626915
1330,-15.000000000000007
1331,-15.000000000000007
1332,-15.000000000000007
1333,-15.000000000000007
1334,-15.585786437626915
1335,-15.000000000000007
1336,-15.000000000000007
1337,-15.000000000000007
1338,-15.000000000000007
1339,-15.000000000000007
1340,-15.000000000000007
1341,-16.4142135623731
1342,-15.000000000000007
1343,-15.000000000000007
1344,-15.000000000000007
1345,-15.000000000000007
1346,-15.000000000000007
1347,-15.000000000000007
1348,-15.000000000000007
1349,-15.585786437626915
1350,-15.000000000000007
1351,-15.585786437626915
1352,-15.000000000000007
1353,-15.000000000000007
1354,-15.000000000000007
1355,-15.000000000000007
1356,-15.000000000000007
1357,-15.000000000000007
1358,-15.000000000000007
1359,-15.000000000000007
1360,-15.828427124746192
1361,-15.000000000000007
1362,-15.000000000000007
1363,-13.585786437626915
1364,-15.4142135623731
1365,-15.000000000000007
1366,-17.000000000000007
1367,-15.000000000000007
1368,-15.000000000000007
1369,-15.000000000000007
1370,-15.000000000000007
1371,-15.000000000000007
1372,-15.000000000000007
1373,-16.4142135623731
1374,-15.000000000000007
1375,-15.000000000000007
1376,-15.000000000000007
1377,-15.000000000000007
1378,-15.000000000000007
1379,-15.000000000000007
1380,-15.000000000000007
1381,-15.000000000000007
1382,-15.000000000000007
1383,-15.000000000000007
1384,-15.000000000000007
1385,-15.000000000000007
1386,-15.000000000000007
1387,-15.000000000000007
1388,-15.000000000000007
1389,-15.000000000000007
1390,-16.000000000000007
1391,-15.000000000000007
1392,-15.000000000000007
1393,-15.000000000000007
1394,-15.000000000000007
1395,-15.000000000000007
1396,-15.000000000000007
1397,-15.000000000000007
1398,-15.000000000000007
1399,-13.585786437626915
1400,-15.000000000000007
1401,-15.000000000000007
1402,-15.000000000000007
1403,-15.000000000000007
1404,-15.000000000000007
1405,-18.4142135623731
1406,-15.000000000000007
1407,-15.000000000000007
1408,-15.000000000000007
1409,-15.000000000000007
1410,-15.000000000000007
1411,-15.000000000000007
1412,-17.000000000000007
1413,-15.000000000000007
1414,-15.000000000000007
1415,-17.000000000000007
1416,-15.000000000000007
1417,-15.000000000000007
1418,-15.000000000000007
1419,-15.828427124746192
1420,-13.585786437626915
1421,-15.4142135623731
1422,-15.000000000000007
1423,-16.4142135623731
1424,-15.000000000000007
1425,-15.000000000000007
1426,-15.4142135623731
1427,-15.000000000000007
1428,-15.000000000000007
1429,-15.000000000000007
1430,-15.000000000000007
1431,-15.000000000000007
1432,-15.000000000000007
1433,-15.000000000000007
1434,-15.000000000000007
1435,-15.000000000000007
1436,-15.000000000000007
1437,-15.000000000000007
1438,-15.000000000000007
1439,-15.000000000000007
1440,-15.000000000000007
1441,-17.000000000000007
1442,-23.48528137423856
1443,-15.000000000000007
1444,-17.000000000000007
1445,-15.000000000000007
1446,-15.000000000000007
1447,-15.000000000000007
1448,-15.000000000000007
1449,-15.000000000000007
1450,-15.000000000000007
1451,-15.000000000000007
1452,-15.000000000000007
1453,-15.000000000000007
1454,-15.000000000000007
1455,-15.000000000000007
1456,-17.4142135623731
1457,-15.000000000000007
1458,-15.000000000000007
1459,-15.000000000000007
1460,-15.000000000000007
1461,-15.000000000000007
1462,-15.000000000000007
1463,-15.000000000000007
1464,-15.000000000000007
1465,-15.000000000000007
1466,-15.000000000000007
1467,-15.000000000000007
1468,-15.000000000000007
1469,-15.000000000000007
1470,-17.4142135623731
1471,-15.000000000000007
1472,-15.000000000000007
1473,-15.000000000000007
1474,-15.000000000000007
1475,-15.000000000000007
1476,-17.82842712474619
1477,-15.000000000000007
1478,-15.000000000000007
1479,-15.000000000000007
1480,-15.000000000000007
1481,-27.727922061357837
1482,-15.000000000000007
1483,-15.000000000000007
1484,-15.000000000000007
1485,-15.000000000000007
1486,-15.000000000000007
1487,-15.000000000000007
1488,-15.000000000000007
1489,-15.000000000000007
1490,-15.000000000000007
1491,-15.000000000000007
1492,-15.000000000000007
1493,-15.000000000000007
1494,-15.4142135623731
1495,-15.000000000000007
1496,-15.000000000000007
1497,-13.585786437626915
1498,-15.000000000000007
1499,-15.000000000000007
1500,-15.000000000000007
1501,-15.000000000000007
1502,-15.000000000000007
1503,-15.000000000000007
1504,-15.000000000000007
1505,-17.000000000000007
1506,-15.000000000000007
1507,-15.000000000000007
1508,-15.000000000000007
1509,-15.000000000000007
1510,-15.000000000000007
1511,-15.000000000000007
1512,-15.000000000000007
1513,-15.000000000000007
1514,-15.000000000000007
1515,-15.000000000000007
1516,-16.4142135623731
1517,-15.000000000000007
1518,-15.000000000000007
1519,-15.000000000000007
1520,-15.000000000000007
1521,-15.000000000000007
1522,-17.000000000000007
1523,-15.000000000000007
1524,-15.000000000000007
1525,-15.585786437626915
1526,-15.585786437626915
1527,-15.000000000000007
1528,-15.000000000000007
1529,-15.000000000000007
1530,-13.585786437626915
1531,-15.000000000000007
1532,-15.000000000000007
1533,-15.000000000000007
1534,-19.000000000000007
1535,-15.000000000000007
1536,-15.000000000000007
1537,-15.000000000000007
1538,-17.82842712474619
1539,-17.82842712474619
1540,-15.000000000000007
1541,-17.585786437626908
1542,-15.000000000000007
1543,-13.585786437626915
1544,-15.000000000000007
1545,-15.4142135623731
1546,-15.000000000000007
1547,-15.000000000000007
1548,-17.000000000000007
1549,-15.000000000000007
1550,-16.4142135623731
1551,-15.000000000000007
1552,-15.000000000000007
1553,-15.000000000000007
1554,-17.000000000000007
1555,-15.000000000000007
1556,-15.000000000000007
1557,-15.000000000000007
1558,-15.000000000000007
1559,-15.000000000000007
1560,-15.000000000000007
1561,-15.000000000000007
1562,-15.000000000000007
1563,-17.4142135623731
1564,-15.000000000000007
1565,-15.000000000000007
1566,-15.000000000000007
1567,-15.000000000000007
1568,-15.000000000000007
1569,-15.000000000000007
1570,-15.000000000000007
1571,-15.000000000000007
1572,-15.000000000000007
1573,-17.82842712474619
1574,-16.414213562373106
1575,-15.000000000000007
1576,-17.000000000000007
1577,-15.000000000000007
1578,-15.585786437626915
1579,-15.000000000000007
1580,-15.000000000000007
1581,-15.000000000000007
1582,-15.000000000000007
1583,-15.585786437626915
1584,-15.000000000000007
1585,-15.000000000000007
1586,-15.000000000000007
1587,-15.000000000000007
1588,-15.000000000000007
1589,-15.000000000000007
1590,-15.000000000000007
1591,-17.000000000000007
1592,-17.000000000000007
1593,-16.4142135623731
1594,-15.000000000000007
1595,-15.000000000000007
1596,-15.000000000000007
1597,-15.000000000000007
1598,-15.000000000000007
1599,-15.000000000000007
1600,-15.000000000000007
1601,-15.000000000000007
1602,-15.000000000000007
1603,-15.585786437626915
1604,-15.000000000000007
1605,-15.000000000000007
1606,-15.000000000000007
1607,-15.585786437626915
1608,-15.000000000000007
1609,-15.000000000000007
1610,-15.000000000000007
1611,-15.000000000000007
1612,-15.000000000000007
1613,-15.000000000000007
1614,-15.000000000000007
1615,-15.000000000000007
1616,-15.000000000000007
1617,-15.000000000000007
1618,-15.000000000000007
1619,-15.000000000000007
1620,-15.000000000000007
1621,-15.000000000000007
1622,-15.000000000000007
1623,-15.000000000000007
1624,-15.000000000000007
1625,-15.000000000000007
1626,-15.000000000000007
1627,-17.000000000000007
1628,-15.000000000000007
1629,-15.000000000000007
1630,-15.000000000000007
1631,-15.000000000000007
1632,-15.000000000000007
1633,-15.000000000000007
1634,-15.000000000000007
1635,-15.000000000000007
1636,-15.000000000000007
1637,-15.000000000000007
1638,-15.000000000000007
1639,-15.000000000000007
1640,-15.000000000000007
1641,-15.000000000000007
1642,-15.000000000000007
1643,-15.000000000000007
1644,-15.000000000000007
1645,-15.000000000000007
1646,-15.000000000000007
1647,-15.000000000000007
1648,-15.000000000000007
1649,-15.000000000000007
1650,-17.82842712474619
1651,-15.000000000000007
1652,-15.585786437626915
1653,-15.000000000000007
1654,-15.000000000000007
1655,-13.585786437626915
1656,-15.000000000000007
1657,-15.000000000000007
1658,-15.585786437626915
1659,-15.000000000000007
1660,-15.000000000000007
1661,-15.000000000000007
1662,-15.000000000000007
1663,-15.000000000000007
1664,-15.000000000000007
1665,-15.000000000000007
1666,-15.000000000000007
1667,-15.000000000000007
1668,-15.000000000000007
1669,-15.000000000000007
1670,-15.000000000000007
1671,-15.000000000000007
1672,-15.000000000000007
1673,-15.000000000000007
1674,-15.000000000000007
1675,-15.000000000000007
1676,-15.000000000000007
1677,-15.000000000000007
1678,-15.4142135623731
1679,-15.000000000000007
1680,-15.000000000000007
1681,-15.000000000000007
1682,-15.000000000000007
1683,-15.000000000000007
1684,-15.000000000000007
1685,-15.4142135623731
1686,-15.000000000000007
1687,-15.000000000000007
1688,-19.000000000000007
1689,-15.000000000000007
1690,-15.000000000000007
1691,-15.000000000000007
1692,-15.000000000000007
1693,-15.000000000000007
1694,-15.000000000000007
1695,-15.000000000000007
1696,-15.000000000000007
1697,-17.82842712474619
1698,-16.585786437626908
1699,-15.000000000000007
1700,-16.4142135623731
1701,-15.000000000000007
1702,-15.000000000000007
1703,-15.000000000000007
1704,-15.000000000000007
1705,-15.000000000000007
1706,-15.000000000000007
1707,-15.000000000000007
1708,-17.82842712474619
1709,-15.000000000000007
1710,-15.000000000000007
1711,-15.000000000000007
1712,-16.4142135623731
1713,-15.4142135623731
1714,-15.000000000000007
1715,-15.000000000000007
1716,-15.000000000000007
1717,-17.000000000000007
1718,-15.000000000000007
1719,-15.000000000000007
1720,-15.000000000000007
1721,-20.656854249492376
1722,-15.000000000000007
1723,-15.000000000000007
1724,-15.000000000000007
1725,-15.000000000000007
1726,-15.000000000000007
1727,-13.585786437626915
1728,-34.7989898732233
1729,-15.000000000000007
1730,-15.585786437626915
1731,-15.000000000000007
1732,-15.000000000000007
1733,-15.000000000000007
1734,-15.000000000000007
1735,-15.000000000000007
1736,-15.000000000000007
1737,-15.000000000000007
1738,-15.000000000000007
1739,-15.000000000000007
1740,-15.000000000000007
1741,-15.000000000000007
1742,-15.000000000000007
1743,-16.4142135623731
1744,-15.000000000000007
1745,-15.000000000000007
1746,-15.000000000000007
1747,-15.000000000000007
1748,-15.000000000000007
1749,-15.000000000000007
1750,-15.000000000000007
1751,-15.000000000000007
1752,-15.000000000000007
1753,-17.000000000000007
1754,-15.000000000000007
1755,-15.000000000000007
1756,-15.000000000000007
1757,-15.000000000000007
1758,-15.000000000000007
1759,-15.000000000000007
1760,-16.4142135623731
1761,-15.000000000000007
1762,-15.000000000000007
1763,-15.000000000000007
1764,-16.000000000000007
1765,-15.000000000000007
1766,-15.000000000000007
1767,-15.000000000000007
1768,-15.000000000000007
1769,-15.000000000000007
1770,-15.000000000000007
1771,-15.000000000000007
1772,-15.000000000000007
1773,-15.000000000000007
1774,-15.000000000000007
1775,-15.000000000000007
1776,-15.585786437626915
1777,-15.000000000000007
1778,-15.000000000000007
1779,-15.000000000000007
1780,-17.000000000000007
1781,-15.000000000000007
1782,-15.000000000000007
1783,-15.000000000000007
1784,-15.000000000000007
1785,-18.4142135623731
1786,-15.000000000000007
1787,-15.000000000000007
1788,-15.000000000000007
1789,-15.000000000000007
1790,-15.000000000000007
1791,-15.000000000000007
1792,-15.000000000000007
1793,-15.000000000000007
1794,-15.000000000000007
1795,-15.000000000000007
1796,-15.000000000000007
1797,-15.000000000000007
1798,-15.000000000000007
1799,-15.000000000000007
1800,-15.000000000000007
1801,-15.000000000000007
1802,-13.585786437626915
1803,-15.000000000000007
1804,-15.000000000000007
1805,-15.000000000000007
1806,-15.000000000000007
1807,-15.000000000000007
1808,-15.000000000000007
1809,-15.000000000000007
1810,-15.000000000000007
1811,-15.000000000000007
1812,-15.000000000000007
1813,-15.000000000000007
1814,-15.000000000000007
1815,-16.000000000000007
1816,-18.4142135623731
1817,-15.000000000000007
1818,-15.000000000000007
1819,-15.000000000000007
1820,-15.000000000000007
1821,-15.000000000000007
1822,-15.000000000000007
1823,-15.000000000000007
1824,-15.000000000000007
1825,-15.000000000000007
1826,-15.000000000000007
1827,-15.000000000000007
1828,-15.000000000000007
1829,-15.4142135623731
1830,-15.000000000000007
1831,-17.000000000000007
1832,-16.4142135623731
1833,-15.000000000000007
1834,-15.000000000000007
1835,-15.000000000000007
1836,-15.000000000000007
1837,-15.000000000000007
1838,-15.000000000000007
1839,-15.000000000000007
1840,-15.000000000000007
1841,-15.000000000000007
1842,-15.000000000000007
1843,-15.000000000000007
1844,-15.000000000000007
1845,-15.000000000000007
1846,-16.4142135623731
1847,-15.000000000000007
1848,-15.000000000000007
1849,-15.000000000000007
1850,-15.000000000000007
1851,-15.000000000000007
1852,-15.000000000000007
1853,-15.000000000000007
1854,-13.585786437626915
1855,-15.000000000000007
1856,-15.000000000000007
1857,-15.000000000000007
1858,-15.000000000000007
1859,-15.000000000000007
1860,-13.585786437626915
1861,-15.000000000000007
1862,-15.000000000000007
1863,-15.000000000000007
1864,-15.000000000000007
1865,-15.000000000000007
1866,-15.000000000000007
1867,-15.000000000000007
1868,-15.000000000000007
1869,-15.000000000000007
1870,-15.000000000000007
1871,-15.000000000000007
1872,-15.000000000000007
1873,-15.000000000000007
1874,-15.000000000000007
1875,-15.000000000000007
1876,-15.000000000000007
1877,-15.000000000000007
1878,-15.000000000000007
1879,-15.000000000000007
1880,-18.4142135623731
1881,-15.000000000000007
1882,-15.000000000000007
1883,-13.585786437626915
1884,-15.000000000000007
1885,-15.000000000000007
1886,-15.000000000000007
1887,-15.000000000000007
1888,-15.000000000000007
1889,-15.000000000000007
1890,-15.000000000000007
1891,-15.000000000000007
1892,-15.000000000000007
1893,-15.000000000000007
1894,-15.000000000000007
1895,-15.000000000000007
1896,-15.000000000000007
1897,-15.000000000000007
1898,-15.000000000000007
1899,-15.000000000000007
1900,-15.000000000000007
1901,-15.000000000000007
1902,-15.000000000000007
1903,-15.000000000000007
1904,-15.000000000000007
1905,-15.000000000000007
1906,-13.585786437626915
1907,-15.000000000000007
1908,-15.000000000000007
1909,-15.000000000000007
1910,-15.000000000000007
1911,-15.000000000000007
1912,-15.000000000000007
1913,-15.000000000000007
1914,-15.000000000000007
1915,-15.000000000000007
1916,-15.4142135623731
1917,-15.000000000000007
1918,-15.000000000000007
1919,-15.000000000000007
1920,-15.000000000000007
1921,-15.000000000000007
1922,-15.000000000000007
1923,-15.000000000000007
1924,-15.000000000000007
1925,-15.000000000000007
1926,-15.000000000000007
1927,-15.000000000000007
1928,-15.000000000000007
1929,-15.000000000000007
1930,-15.000000000000007
1931,-15.000000000000007
1932,-15.000000000000007
1933,-15.000000000000007
1934,-15.000000000000007
1935,-15.000000000000007
1936,-15.000000000000007
1937,-17.000000000000007
1938,-15.000000000000007
1939,-15.000000000000007
1940,-15.000000000000007
1941,-15.000000000000007
1942,-15.000000000000007
1943,-15.000000000000007
1944,-15.000000000000007
1945,-15.000000000000007
1946,-15.000000000000007
1947,-15.000000000000007
1948,-15.000000000000007
1949,-15.000000000000007
1950,-15.000000000000007
1951,-15.000000000000007
1952,-15.000000000000007
1953,-13.585786437626915
1954,-15.000000000000007
1955,-15.000000000000007
1956,-15.000000000000007
1957,-15.000000000000007
1958,-15.000000000000007
1959,-15.000000000000007
1960,-15.000000000000007
1961,-15.000000000000007
1962,-15.000000000000007
1963,-15.000000000000007
1964,-15.000000000000007
1965,-15.000000000000007
1966,-13.585786437626915
1967,-15.000000000000007
1968,-15.000000000000007
1969,-15.000000000000007
1970,-15.000000000000007
1971,-15.000000000000007
1972,-15.000000000000007
1973,-15.000000000000007
1974,-15.000000000000007
1975,-15.000000000000007
1976,-15.000000000000007
1977,-15.000000000000007
1978,-15.000000000000007
1979,-15.000000000000007
1980,-15.000000000000007
1981,-15.000000000000007
1982,-15.000000000000007
1983,-15.000000000000007
1984,-15.000000000000007
1985,-15.000000000000007
1986,-15.000000000000007
1987,-15.000000000000007
1988,-15.000000000000007
1989,-15.000000000000007
1990,-15.000000000000007
1991,-15.000000000000007
1992,-15.000000000000007
1993,-13.585786437626915
1994,-15.4142135623731
1995,-17.000000000000007
1996,-15.000000000000007
1997,-15.000000000000007
1998,-13.585786437626915
1999,-15.000000000000007
